Pitch	Yaw	Percent Shaded
0	-72	 1 
72	72	 1 
72	69	 1 
72	66	 1 
72	63	 1 
72	60	 1 
72	57	 1 
72	54	 1 
72	51	 1 
72	48	 1 
72	45	 0.982759 
72	42	 0.974138 
72	39	 0.956897 
72	36	 0.939655 
72	33	 0.913793 
72	30	 0.896552 
72	27	 0.862069 
72	24	 0.836207 
72	21	 0.810345 
72	18	 0.775862 
72	15	 0.758621 
72	12	 0.724138 
72	9	 0.715517 
72	6	 0.706897 
72	3	 0.698276 
72	0	 0.706897 
72	-3	 0.698276 
72	-6	 0.715517 
72	-9	 0.724138 
72	-12	 0.732759 
72	-15	 0.758621 
72	-18	 0.784483 
72	-21	 0.818966 
72	-24	 0.844828 
72	-27	 0.887931 
72	-30	 0.887931 
72	-33	 0.931034 
72	-36	 0.948276 
72	-39	 0.965517 
72	-42	 0.982759 
72	-45	 0.991379 
72	-48	 1 
72	-51	 1 
72	-54	 1 
72	-57	 1 
72	-60	 1 
72	-63	 1 
72	-66	 1 
72	-69	 1 
72	-72	 1 
69	72	 1 
69	69	 1 
69	66	 1 
69	63	 1 
69	60	 1 
69	57	 1 
69	54	 0.982759 
69	51	 0.965517 
69	48	 0.922414 
69	45	 0.896552 
69	42	 0.853448 
69	39	 0.810345 
69	36	 0.775862 
69	33	 0.724138 
69	30	 0.681034 
69	27	 0.655172 
69	24	 0.62931 
69	21	 0.62931 
69	18	 0.62069 
69	15	 0.62069 
69	12	 0.62069 
69	9	 0.62069 
69	6	 0.62069 
69	3	 0.62069 
69	0	 0.62069 
69	-3	 0.62069 
69	-6	 0.62069 
69	-9	 0.62069 
69	-12	 0.62069 
69	-15	 0.62069 
69	-18	 0.62069 
69	-21	 0.637931 
69	-24	 0.637931 
69	-27	 0.672414 
69	-30	 0.698276 
69	-33	 0.732759 
69	-36	 0.784483 
69	-39	 0.827586 
69	-42	 0.862069 
69	-45	 0.905172 
69	-48	 0.931034 
69	-51	 0.974138 
69	-54	 0.982759 
69	-57	 1 
69	-60	 1 
69	-63	 1 
69	-66	 1 
69	-69	 1 
69	-72	 1 
66	72	 1 
66	69	 1 
66	66	 1 
66	63	 1 
66	60	 1 
66	57	 1 
66	54	 1 
66	51	 1 
66	48	 0.801724 
66	45	 0.741379 
66	42	 0.698276 
66	39	 0.637931 
66	36	 0.603448 
66	33	 0.577586 
66	30	 0.568966 
66	27	 0.568966 
66	24	 0.568966 
66	21	 0.568966 
66	18	 0.568966 
66	15	 0.568966 
66	12	 0.568966 
66	9	 0.568966 
66	6	 0.568966 
66	3	 0.568966 
66	0	 0.568966 
66	-3	 0.568966 
66	-6	 0.568966 
66	-9	 0.568966 
66	-12	 0.568966 
66	-15	 0.568966 
66	-18	 0.568966 
66	-21	 0.568966 
66	-24	 0.568966 
66	-27	 0.568966 
66	-30	 0.568966 
66	-33	 0.568966 
66	-36	 0.594828 
66	-39	 0.637931 
66	-42	 0.689655 
66	-45	 0.75 
66	-48	 0.810345 
66	-51	 0.862069 
66	-54	 0.913793 
66	-57	 0.956897 
66	-60	 0.982759 
66	-63	 1 
66	-66	 1 
66	-69	 1 
66	-72	 1 
63	72	 1 
63	69	 1 
63	66	 1 
63	63	 1 
63	60	 1 
63	57	 1 
63	54	 1 
63	51	 1 
63	48	 1 
63	45	 0.62069 
63	42	 0.568966 
63	39	 0.508621 
63	36	 0.5 
63	33	 0.5 
63	30	 0.5 
63	27	 0.5 
63	24	 0.5 
63	21	 0.5 
63	18	 0.5 
63	15	 0.5 
63	12	 0.5 
63	9	 0.5 
63	6	 0.5 
63	3	 0.5 
63	0	 0.5 
63	-3	 0.5 
63	-6	 0.5 
63	-9	 0.5 
63	-12	 0.5 
63	-15	 0.5 
63	-18	 0.5 
63	-21	 0.5 
63	-24	 0.5 
63	-27	 0.5 
63	-30	 1 
63	-33	 0.5 
63	-36	 0.5 
63	-39	 0.5 
63	-42	 0.525862 
63	-45	 0.577586 
63	-48	 0.637931 
63	-51	 0.706897 
63	-54	 0.784483 
63	-57	 0.844828 
63	-60	 0.905172 
63	-63	 0.965517 
63	-66	 1 
63	-69	 1 
63	-72	 1 
60	72	 0 
60	69	 0 
60	66	 0 
60	63	 0 
60	60	 0 
60	57	 0 
60	54	 0 
60	51	 0 
60	48	 0 
60	45	 0 
60	42	 0 
60	39	 0 
60	36	 0 
60	33	 0 
60	30	 0 
60	27	 0 
60	24	 0 
60	21	 0 
60	18	 0 
60	15	 0 
60	12	 0 
60	9	 0 
60	6	 0 
60	3	 0 
60	0	 0 
60	-3	 0 
60	-6	 0 
60	-9	 0 
60	-12	 0 
60	-15	 0 
60	-18	 0 
60	-21	 0 
60	-24	 0 
60	-27	 0 
60	-30	 0 
60	-33	 0 
60	-36	 0 
60	-39	 0 
60	-42	 0 
60	-45	 0 
60	-48	 0 
60	-51	 0 
60	-54	 0 
60	-57	 0 
60	-60	 0 
60	-63	 0 
60	-66	 0 
60	-69	 0 
60	-72	 0 
57	72	 1 
57	69	 1 
57	66	 1 
57	63	 1 
57	60	 1 
57	57	 1 
57	54	 1 
57	51	 1 
57	48	 1 
57	45	 0.568966 
57	42	 0.517241 
57	39	 0.439655 
57	36	 0.448276 
57	33	 0.448276 
57	30	 0.448276 
57	27	 0.448276 
57	24	 0.448276 
57	21	 0.448276 
57	18	 0.465517 
57	15	 0.465517 
57	12	 0.465517 
57	9	 0.474138 
57	6	 0.474138 
57	3	 0.474138 
57	0	 0.482759 
57	-3	 0.482759 
57	-6	 0.474138 
57	-9	 0.456897 
57	-12	 0.465517 
57	-15	 0.465517 
57	-18	 0.456897 
57	-21	 1 
57	-24	 1 
57	-27	 1 
57	-30	 1 
57	-33	 1 
57	-36	 1 
57	-39	 1 
57	-42	 0.431034 
57	-45	 0.456897 
57	-48	 0.491379 
57	-51	 0.525862 
57	-54	 0.543103 
57	-57	 0.586207 
57	-60	 0.663793 
57	-63	 0.758621 
57	-66	 0.862069 
57	-69	 0.965517 
57	-72	 1 
54	72	 1 
54	69	 1 
54	66	 1 
54	63	 1 
54	60	 1 
54	57	 1 
54	54	 1 
54	51	 1 
54	48	 1 
54	45	 0.568966 
54	42	 0.5 
54	39	 0.431034 
54	36	 0.448276 
54	33	 0.456897 
54	30	 0.456897 
54	27	 0.465517 
54	24	 0.491379 
54	21	 0.5 
54	18	 0.491379 
54	15	 0.508621 
54	12	 0.508621 
54	9	 0.517241 
54	6	 0.525862 
54	3	 0.534483 
54	0	 0.543103 
54	-3	 0.534483 
54	-6	 0.525862 
54	-9	 0.508621 
54	-12	 0.517241 
54	-15	 0.5 
54	-18	 0.491379 
54	-21	 1 
54	-24	 1 
54	-27	 1 
54	-30	 1 
54	-33	 1 
54	-36	 1 
54	-39	 1 
54	-42	 1 
54	-45	 0.439655 
54	-48	 0.465517 
54	-51	 0.5 
54	-54	 0.525862 
54	-57	 0.543103 
54	-60	 0.586207 
54	-63	 0.646552 
54	-66	 0.767241 
54	-69	 0.896552 
54	-72	 1 
51	72	 1 
51	69	 1 
51	66	 1 
51	63	 1 
51	60	 1 
51	57	 1 
51	54	 1 
51	51	 1 
51	48	 1 
51	45	 0.560345 
51	42	 0.508621 
51	39	 0.439655 
51	36	 0.448276 
51	33	 0.465517 
51	30	 0.482759 
51	27	 0.491379 
51	24	 0.525862 
51	21	 0.525862 
51	18	 0.551724 
51	15	 0.551724 
51	12	 0.560345 
51	9	 0.568966 
51	6	 0.568966 
51	3	 0.577586 
51	0	 0.586207 
51	-3	 0.568966 
51	-6	 0.568966 
51	-9	 0.560345 
51	-12	 0.551724 
51	-15	 0.534483 
51	-18	 1 
51	-21	 1 
51	-24	 1 
51	-27	 1 
51	-30	 1 
51	-33	 1 
51	-36	 1 
51	-39	 1 
51	-42	 1 
51	-45	 0.431034 
51	-48	 0.465517 
51	-51	 0.482759 
51	-54	 0.5 
51	-57	 0.517241 
51	-60	 0.577586 
51	-63	 0.594828 
51	-66	 0.724138 
51	-69	 0.862069 
51	-72	 1 
48	72	 1 
48	69	 1 
48	66	 1 
48	63	 1 
48	60	 1 
48	57	 1 
48	54	 1 
48	51	 1 
48	48	 1 
48	45	 0.577586 
48	42	 0.517241 
48	39	 0.456897 
48	36	 0.465517 
48	33	 0.491379 
48	30	 0.508621 
48	27	 0.551724 
48	24	 0.551724 
48	21	 0.568966 
48	18	 0.586207 
48	15	 0.586207 
48	12	 0.603448 
48	9	 0.612069 
48	6	 0.612069 
48	3	 0.62069 
48	0	 0.62931 
48	-3	 0.612069 
48	-6	 0.612069 
48	-9	 0.603448 
48	-12	 0.594828 
48	-15	 0.586207 
48	-18	 1 
48	-21	 1 
48	-24	 1 
48	-27	 1 
48	-30	 1 
48	-33	 1 
48	-36	 1 
48	-39	 1 
48	-42	 1 
48	-45	 0.431034 
48	-48	 0.448276 
48	-51	 0.491379 
48	-54	 0.5 
48	-57	 0.508621 
48	-60	 0.551724 
48	-63	 0.577586 
48	-66	 0.715517 
48	-69	 0.853448 
48	-72	 1 
45	72	 1 
45	69	 1 
45	66	 1 
45	63	 1 
45	60	 1 
45	57	 1 
45	54	 1 
45	51	 1 
45	48	 1 
45	45	 0.603448 
45	42	 0.543103 
45	39	 0.465517 
45	36	 0.482759 
45	33	 0.525862 
45	30	 0.543103 
45	27	 0.560345 
45	24	 0.560345 
45	21	 0.586207 
45	18	 0.603448 
45	15	 0.612069 
45	12	 0.62069 
45	9	 0.62931 
45	6	 0.62069 
45	3	 0.62931 
45	0	 0.62069 
45	-3	 0.62069 
45	-6	 0.62069 
45	-9	 0.612069 
45	-12	 0.603448 
45	-15	 0.594828 
45	-18	 1 
45	-21	 1 
45	-24	 1 
45	-27	 1 
45	-30	 1 
45	-33	 1 
45	-36	 1 
45	-39	 1 
45	-42	 1 
45	-45	 0.431034 
45	-48	 0.456897 
45	-51	 0.482759 
45	-54	 0.491379 
45	-57	 0.5 
45	-60	 0.534483 
45	-63	 0.551724 
45	-66	 0.698276 
45	-69	 0.844828 
45	-72	 1 
42	72	 1 
42	69	 1 
42	66	 1 
42	63	 1 
42	60	 1 
42	57	 1 
42	54	 1 
42	51	 1 
42	48	 1 
42	45	 0.637931 
42	42	 0.577586 
42	39	 0.508621 
42	36	 0.525862 
42	33	 0.551724 
42	30	 0.568966 
42	27	 0.534483 
42	24	 0.577586 
42	21	 0.586207 
42	18	 0.594828 
42	15	 0.586207 
42	12	 0.568966 
42	9	 0.586207 
42	6	 0.577586 
42	3	 0.568966 
42	0	 0.577586 
42	-3	 0.586207 
42	-6	 0.586207 
42	-9	 0.586207 
42	-12	 0.577586 
42	-15	 0.586207 
42	-18	 1 
42	-21	 1 
42	-24	 1 
42	-27	 1 
42	-30	 1 
42	-33	 1 
42	-36	 1 
42	-39	 1 
42	-42	 1 
42	-45	 0.456897 
42	-48	 0.482759 
42	-51	 0.517241 
42	-54	 0.508621 
42	-57	 0.508621 
42	-60	 0.560345 
42	-63	 0.568966 
42	-66	 0.706897 
42	-69	 0.853448 
42	-72	 1 
39	72	 1 
39	69	 1 
39	66	 1 
39	63	 1 
39	60	 1 
39	57	 1 
39	54	 1 
39	51	 1 
39	48	 1 
39	45	 0.655172 
39	42	 0.594828 
39	39	 0.534483 
39	36	 0.534483 
39	33	 0.560345 
39	30	 0.517241 
39	27	 0.560345 
39	24	 0.560345 
39	21	 0.543103 
39	18	 0.543103 
39	15	 0.534483 
39	12	 0.534483 
39	9	 0.543103 
39	6	 0.543103 
39	3	 0.543103 
39	0	 0.551724 
39	-3	 0.543103 
39	-6	 0.534483 
39	-9	 0.534483 
39	-12	 0.525862 
39	-15	 0.551724 
39	-18	 1 
39	-21	 1 
39	-24	 1 
39	-27	 1 
39	-30	 1 
39	-33	 1 
39	-36	 1 
39	-39	 1 
39	-42	 1 
39	-45	 0.517241 
39	-48	 0.508621 
39	-51	 0.534483 
39	-54	 0.534483 
39	-57	 0.543103 
39	-60	 0.568966 
39	-63	 0.568966 
39	-66	 0.715517 
39	-69	 0.862069 
39	-72	 1 
36	72	 1 
36	69	 1 
36	66	 1 
36	63	 1 
36	60	 1 
36	57	 1 
36	54	 1 
36	51	 1 
36	48	 1 
36	45	 0.655172 
36	42	 0.586207 
36	39	 0.525862 
36	36	 0.525862 
36	33	 0.5 
36	30	 0.517241 
36	27	 0.517241 
36	24	 0.5 
36	21	 0.5 
36	18	 0.5 
36	15	 0.491379 
36	12	 0.491379 
36	9	 0.491379 
36	6	 0.491379 
36	3	 0.491379 
36	0	 0.5 
36	-3	 0.482759 
36	-6	 0.482759 
36	-9	 0.491379 
36	-12	 0.491379 
36	-15	 0.5 
36	-18	 1 
36	-21	 1 
36	-24	 1 
36	-27	 1 
36	-30	 1 
36	-33	 1 
36	-36	 1 
36	-39	 1 
36	-42	 1 
36	-45	 0.525862 
36	-48	 0.525862 
36	-51	 0.568966 
36	-54	 0.568966 
36	-57	 0.560345 
36	-60	 0.603448 
36	-63	 0.594828 
36	-66	 0.724138 
36	-69	 0.87069 
36	-72	 1 
33	72	 1 
33	69	 1 
33	66	 1 
33	63	 1 
33	60	 1 
33	57	 1 
33	54	 1 
33	51	 1 
33	48	 1 
33	45	 0.637931 
33	42	 0.568966 
33	39	 0.474138 
33	36	 0.465517 
33	33	 0.448276 
33	30	 0.491379 
33	27	 0.456897 
33	24	 0.465517 
33	21	 0.456897 
33	18	 0.448276 
33	15	 0.431034 
33	12	 0.431034 
33	9	 0.439655 
33	6	 0.439655 
33	3	 0.448276 
33	0	 0.439655 
33	-3	 0.431034 
33	-6	 0.431034 
33	-9	 0.439655 
33	-12	 0.448276 
33	-15	 0.448276 
33	-18	 1 
33	-21	 1 
33	-24	 1 
33	-27	 1 
33	-30	 1 
33	-33	 1 
33	-36	 1 
33	-39	 1 
33	-42	 1 
33	-45	 0.5 
33	-48	 0.517241 
33	-51	 0.577586 
33	-54	 0.586207 
33	-57	 0.586207 
33	-60	 0.612069 
33	-63	 0.62931 
33	-66	 0.758621 
33	-69	 0.887931 
33	-72	 1 
30	72	 1 
30	69	 1 
30	66	 1 
30	63	 1 
30	60	 1 
30	57	 1 
30	54	 1 
30	51	 1 
30	48	 1 
30	45	 0.603448 
30	42	 0.525862 
30	39	 0.439655 
30	36	 0.413793 
30	33	 0.474138 
30	30	 0.431034 
30	27	 0.431034 
30	24	 0.413793 
30	21	 0.422414 
30	18	 0.405172 
30	15	 0.396552 
30	12	 0.396552 
30	9	 0.405172 
30	6	 0.405172 
30	3	 0.405172 
30	0	 0.405172 
30	-3	 0.405172 
30	-6	 0.405172 
30	-9	 0.396552 
30	-12	 0.396552 
30	-15	 0.37931 
30	-18	 1 
30	-21	 1 
30	-24	 1 
30	-27	 1 
30	-30	 1 
30	-33	 1 
30	-36	 1 
30	-39	 1 
30	-42	 1 
30	-45	 1 
30	-48	 0.517241 
30	-51	 0.577586 
30	-54	 0.586207 
30	-57	 0.603448 
30	-60	 0.646552 
30	-63	 0.646552 
30	-66	 0.775862 
30	-69	 0.896552 
30	-72	 1 
27	72	 1 
27	69	 1 
27	66	 1 
27	63	 1 
27	60	 1 
27	57	 1 
27	54	 1 
27	51	 1 
27	48	 1 
27	45	 0.560345 
27	42	 0.491379 
27	39	 0.387931 
27	36	 0.448276 
27	33	 0.396552 
27	30	 0.396552 
27	27	 0.396552 
27	24	 0.37931 
27	21	 0.37931 
27	18	 0.37931 
27	15	 0.37069 
27	12	 0.37069 
27	9	 0.37069 
27	6	 0.362069 
27	3	 0.37069 
27	0	 0.37069 
27	-3	 0.37069 
27	-6	 0.37069 
27	-9	 0.37069 
27	-12	 0.37069 
27	-15	 0.37069 
27	-18	 1 
27	-21	 1 
27	-24	 1 
27	-27	 1 
27	-30	 1 
27	-33	 1 
27	-36	 1 
27	-39	 1 
27	-42	 1 
27	-45	 1 
27	-48	 1 
27	-51	 0.560345 
27	-54	 0.586207 
27	-57	 0.612069 
27	-60	 0.663793 
27	-63	 0.681034 
27	-66	 0.810345 
27	-69	 0.922414 
27	-72	 1 
24	72	 1 
24	69	 1 
24	66	 1 
24	63	 1 
24	60	 1 
24	57	 1 
24	54	 1 
24	51	 1 
24	48	 1 
24	45	 1 
24	42	 0.431034 
24	39	 0.387931 
24	36	 0.353448 
24	33	 0.344828 
24	30	 0.344828 
24	27	 0.336207 
24	24	 0.327586 
24	21	 0.327586 
24	18	 0.336207 
24	15	 0.327586 
24	12	 0.327586 
24	9	 0.318966 
24	6	 0.327586 
24	3	 0.336207 
24	0	 0.336207 
24	-3	 0.327586 
24	-6	 0.318966 
24	-9	 0.310345 
24	-12	 0.327586 
24	-15	 0.327586 
24	-18	 1 
24	-21	 1 
24	-24	 1 
24	-27	 1 
24	-30	 1 
24	-33	 1 
24	-36	 1 
24	-39	 1 
24	-42	 1 
24	-45	 1 
24	-48	 1 
24	-51	 1 
24	-54	 0.534483 
24	-57	 0.577586 
24	-60	 0.655172 
24	-63	 0.681034 
24	-66	 0.793103 
24	-69	 0.913793 
24	-72	 1 
21	72	 1 
21	69	 1 
21	66	 1 
21	63	 1 
21	60	 1 
21	57	 1 
21	54	 1 
21	51	 1 
21	48	 1 
21	45	 1 
21	42	 0.431034 
21	39	 0.336207 
21	36	 0.318966 
21	33	 0.310345 
21	30	 0.301724 
21	27	 0.301724 
21	24	 1 
21	21	 1 
21	18	 1 
21	15	 1 
21	12	 1 
21	9	 0.275862 
21	6	 0.284483 
21	3	 0.293103 
21	0	 0.293103 
21	-3	 0.284483 
21	-6	 0.284483 
21	-9	 0.284483 
21	-12	 0.293103 
21	-15	 0.284483 
21	-18	 1 
21	-21	 1 
21	-24	 1 
21	-27	 1 
21	-30	 1 
21	-33	 1 
21	-36	 1 
21	-39	 1 
21	-42	 1 
21	-45	 1 
21	-48	 1 
21	-51	 1 
21	-54	 0.534483 
21	-57	 0.543103 
21	-60	 0.612069 
21	-63	 0.655172 
21	-66	 0.801724 
21	-69	 0.896552 
21	-72	 1 
18	72	 1 
18	69	 1 
18	66	 1 
18	63	 1 
18	60	 1 
18	57	 1 
18	54	 1 
18	51	 1 
18	48	 1 
18	45	 1 
18	42	 0.37931 
18	39	 0.275862 
18	36	 0.284483 
18	33	 0.267241 
18	30	 0.258621 
18	27	 0.241379 
18	24	 1 
18	21	 1 
18	18	 1 
18	15	 1 
18	12	 1 
18	9	 0.206897 
18	6	 0.206897 
18	3	 0.206897 
18	0	 0.206897 
18	-3	 0.198276 
18	-6	 0.198276 
18	-9	 0.198276 
18	-12	 0.206897 
18	-15	 0.206897 
18	-18	 1 
18	-21	 1 
18	-24	 1 
18	-27	 1 
18	-30	 1 
18	-33	 1 
18	-36	 1 
18	-39	 1 
18	-42	 1 
18	-45	 1 
18	-48	 1 
18	-51	 1 
18	-54	 0.508621 
18	-57	 0.482759 
18	-60	 0.612069 
18	-63	 0.646552 
18	-66	 0.767241 
18	-69	 0.896552 
18	-72	 1 
15	72	 1 
15	69	 1 
15	66	 1 
15	63	 1 
15	60	 1 
15	57	 1 
15	54	 1 
15	51	 1 
15	48	 1 
15	45	 1 
15	42	 0.318966 
15	39	 0.215517 
15	36	 0.198276 
15	33	 0.181034 
15	30	 0.163793 
15	27	 0.163793 
15	24	 1 
15	21	 1 
15	18	 1 
15	15	 1 
15	12	 1 
15	9	 0.12931 
15	6	 0.12931 
15	3	 0.12931 
15	0	 0.12931 
15	-3	 0.12069 
15	-6	 0.12069 
15	-9	 0.12069 
15	-12	 0.12931 
15	-15	 0.137931 
15	-18	 1 
15	-21	 1 
15	-24	 1 
15	-27	 1 
15	-30	 1 
15	-33	 1 
15	-36	 1 
15	-39	 1 
15	-42	 1 
15	-45	 1 
15	-48	 1 
15	-51	 1 
15	-54	 0.439655 
15	-57	 0.474138 
15	-60	 0.568966 
15	-63	 0.612069 
15	-66	 0.758621 
15	-69	 0.87931 
15	-72	 1 
12	72	 1 
12	69	 1 
12	66	 1 
12	63	 1 
12	60	 1 
12	57	 1 
12	54	 1 
12	51	 1 
12	48	 1 
12	45	 1 
12	42	 0.224138 
12	39	 0.112069 
12	36	 0.103448 
12	33	 0.086207 
12	30	 0.086207 
12	27	 0.077586 
12	24	 1 
12	21	 1 
12	18	 1 
12	15	 1 
12	12	 1 
12	9	 0.043103 
12	6	 0.043103 
12	3	 0.043103 
12	0	 0.043103 
12	-3	 0.043103 
12	-6	 0.043103 
12	-9	 0.051724 
12	-12	 0.043103 
12	-15	 0.051724 
12	-18	 1 
12	-21	 1 
12	-24	 1 
12	-27	 1 
12	-30	 1 
12	-33	 1 
12	-36	 1 
12	-39	 1 
12	-42	 1 
12	-45	 1 
12	-48	 1 
12	-51	 1 
12	-54	 0.362069 
12	-57	 0.405172 
12	-60	 0.5 
12	-63	 0.568966 
12	-66	 0.689655 
12	-69	 0.853448 
12	-72	 1 
9	72	 1 
9	69	 1 
9	66	 1 
9	63	 1 
9	60	 1 
9	57	 1 
9	54	 1 
9	51	 1 
9	48	 1 
9	45	 1 
9	42	 1 
9	39	 1 
9	36	 0.017241 
9	33	 0.017241 
9	30	 0.008621 
9	27	 0 
9	24	 1 
9	21	 1 
9	18	 1 
9	15	 1 
9	12	 1 
9	9	 0 
9	6	 0 
9	3	 0 
9	0	 0 
9	-3	 0 
9	-6	 0 
9	-9	 0 
9	-12	 0 
9	-15	 0 
9	-18	 1 
9	-21	 1 
9	-24	 1 
9	-27	 1 
9	-30	 1 
9	-33	 1 
9	-36	 1 
9	-39	 1 
9	-42	 1 
9	-45	 1 
9	-48	 1 
9	-51	 1 
9	-54	 0.275862 
9	-57	 0.318966 
9	-60	 0.413793 
9	-63	 0.465517 
9	-66	 0.646552 
9	-69	 0.836207 
9	-72	 1 
6	72	 1 
6	69	 1 
6	66	 1 
6	63	 1 
6	60	 1 
6	57	 1 
6	54	 1 
6	51	 1 
6	48	 1 
6	45	 1 
6	42	 1 
6	39	 1 
6	36	 0 
6	33	 0 
6	30	 0 
6	27	 0 
6	24	 1 
6	21	 1 
6	18	 1 
6	15	 1 
6	12	 1 
6	9	 0 
6	6	 0 
6	3	 0 
6	0	 0 
6	-3	 0 
6	-6	 0 
6	-9	 0 
6	-12	 0 
6	-15	 0 
6	-18	 1 
6	-21	 1 
6	-24	 1 
6	-27	 1 
6	-30	 1 
6	-33	 1 
6	-36	 1 
6	-39	 1 
6	-42	 1 
6	-45	 1 
6	-48	 1 
6	-51	 1 
6	-54	 0.189655 
6	-57	 0.241379 
6	-60	 0.336207 
6	-63	 0.396552 
6	-66	 0.594828 
6	-69	 0.793103 
6	-72	 1 
3	72	 1 
3	69	 1 
3	66	 1 
3	63	 1 
3	60	 1 
3	57	 1 
3	54	 1 
3	51	 1 
3	48	 1 
3	45	 1 
3	42	 1 
3	39	 1 
3	36	 0 
3	33	 0 
3	30	 0 
3	27	 0 
3	24	 1 
3	21	 1 
3	18	 1 
3	15	 1 
3	12	 1 
3	9	 0 
3	6	 0 
3	3	 0 
3	0	 0 
3	-3	 0 
3	-6	 0 
3	-9	 0 
3	-12	 0 
3	-15	 0 
3	-18	 1 
3	-21	 1 
3	-24	 1 
3	-27	 1 
3	-30	 1 
3	-33	 1 
3	-36	 1 
3	-39	 1 
3	-42	 1 
3	-45	 1 
3	-48	 1 
3	-51	 1 
3	-54	 0.189655 
3	-57	 0.232759 
3	-60	 0.318966 
3	-63	 0.37931 
3	-66	 0.586207 
3	-69	 0.793103 
3	-72	 1 
0	72	 1 
0	69	 1 
0	66	 1 
0	63	 1 
0	60	 1 
0	57	 1 
0	54	 1 
0	51	 1 
0	48	 1 
0	45	 1 
0	42	 1 
0	39	 1 
0	36	 0 
0	33	 0 
0	30	 0 
0	27	 0 
0	24	 1 
0	21	 1 
0	18	 1 
0	15	 1 
0	12	 1 
0	9	 0 
0	6	 0 
0	3	 0 
0	0	 0 
0	-3	 0 
0	-6	 0 
0	-9	 0 
0	-12	 0 
0	-15	 0 
0	-18	 1 
0	-21	 1 
0	-24	 1 
0	-27	 1 
0	-30	 1 
0	-33	 1 
0	-36	 1 
0	-39	 1 
0	-42	 1 
0	-45	 1 
0	-48	 1 
0	-51	 1 
0	-54	 0.206897 
0	-57	 0.25 
0	-60	 0.336207 
0	-63	 0.37931 
0	-66	 0.586207 
0	-69	 0.793103 
0	-72	 1 
